*DISPLACEMENTS
    1 0.0 0.0
    2 4.977566661829938e-05 0.0
    3 5.910543559643906e-05 0.0
    4 6.843520457457873e-05 0.0
    5 0.0 0.0
    6 0.00022494713602376793 -8.99885809580657e-05
    7 0.00021123201327812995 -4.705807268969506e-05
    8 0.000260085289772456 -9.904073048467724e-05
    9 0.00030893856626678203 -0.00021040568253377086
    10 0.0004745047555383485 -0.00016579542021395824
    11 0.0004895383993589079 -0.00019808146096935447
    12 0.0006090677916267072 -0.00035067581554231115
    13 0.0007515538186435833 -0.0003116152690263483
    14 0.0008345167816065462 -0.0004543795192460148

*REACTION FORCES
    1 FX = -65806.23691
    1 FY = -32207.66194
    2 FY = 33441.31124
    3 FY = 31764.19907
    4 FY = 104978.31593
    5 FX = -46193.76309
    5 FY = 142023.83571

*ELEMENT_STRAINS
    1 7.1108095168999115e-06
    2 1.332824139734239e-06
    3 1.332824139734239e-06
    4 -9.77645779636839e-06
    5 9.639896790407302e-06
    6 -1.2855511565437958e-05
    7 8.171305283581108e-06
    8 -6.72258181281358e-06
    9 -1.3561062956660448e-05
    10 -1.414867578352532e-05
    11 2.1498342256023168e-06
    12 -3.005795464768155e-05
    13 -1.959303249376854e-06
    14 6.979039499189434e-06
    15 6.979039499189434e-06
    16 1.2410770018477715e-05
    17 -1.6962478217751885e-05
    18 9.091642700079893e-06
    19 -1.414867578352532e-05
    20 -1.2019686537693531e-05
    21 -2.0038590429791467e-05
    22 2.1476634029370546e-06
    23 1.7075627466828477e-05
    24 9.37351530663177e-06
    25 -1.6219115436713402e-05
    26 -7.3875343214938036e-06
    27 -1.481481481481481e-05
    28 1.1851851851851835e-05

*ELEMENT_STRESSES
    1 1493269.9985489815 TENSION  
    2 279893.06934419024 TENSION  
    3 279893.06934419024 TENSION  
    4 -2053056.1372373619 COMPRESSION  
    5 2024378.3259855334 TENSION  
    6 -2699657.428741971 COMPRESSION  
    7 1715974.1095520325 TENSION  
    8 -1411742.1806908518 COMPRESSION  
    9 -2847823.220898694 COMPRESSION  
    10 -2971221.914540317 COMPRESSION  
    11 451465.18737648654 TENSION  
    12 -6312170.476013126 COMPRESSION  
    13 -411453.68236913945 COMPRESSION  
    14 1465598.2948297812 TENSION  
    15 1465598.2948297812 TENSION  
    16 2606261.70388032 TENSION  
    17 -3562120.425727896 COMPRESSION  
    18 1909244.9670167775 TENSION  
    19 -2971221.914540317 COMPRESSION  
    20 -2524134.172915641 COMPRESSION  
    21 -4208103.990256208 COMPRESSION  
    22 451009.3146167815 TENSION  
    23 3585881.7680339804 TENSION  
    24 1968438.2143926718 TENSION  
    25 -3406014.2417098144 COMPRESSION  
    26 -1551382.2075136988 COMPRESSION  
    27 -3111111.11111111 COMPRESSION  
    28 2488888.8888888857 TENSION  
